valid path:
[0, 1, 2]
[0, 2]
[0, 2, 0, 2, 0, 2]
[0, 2, 0, 2]
[0, 2, 0, 2, 0, 2]
[0, 1, 2, 0, 1, 2, 0, 2]
[0, 1, 2, 0, 1, 2]
[0, 2, 0, 1, 2]
[0, 2, 0, 1, 2, 0, 1, 2]
valid conditions:
[[1, 1], [0, 0], [1, 1], [0, 0], [1, 1]]
[[1, 1], [0, 0], [1, 1], [0, 0], [1, 1]]
[[0, 0], [1, 1]]
[[0, 0], [1, 1], [0, 0], [0, 0], [1, 1], [0, 0], [1, 1]]
[[1, 1], [0, 0], [1, 1]]
[[1, 1]]
[[0, 0], [1, 1], [0, 0], [0, 0], [1, 1]]
[[1, 1], [0, 0], [0, 0], [1, 1]]
[[1, 1], [0, 0], [0, 0], [1, 1], [0, 0], [0, 0], [1, 1]]
invalid path:
[0, 1, 2, 3]
[0, 1, 3]
[0, 2, 3]
[0, 3]
[0, 2, 0, 2, 0, 3]
[0, 2, 0, 2, 3]
[0, 1, 2, 0, 1, 2, 0, 3]
[0, 1, 2, 0, 1, 3]
[0, 2, 0, 1, 2, 3]
[0, 2, 0]
[0, 2, 0, 2, 0]
[0, 2, 0, 2, 0]
[0, 1, 2, 0, 1, 2, 0]
[0, 1, 2, 0, 1, 2, 0]
[0, 2, 0, 1, 2, 0]
[0, 1]
[0, 2, 0, 2, 0, 1]
[0, 2, 0, 2, 0, 1]
[0, 1, 2, 0, 1, 2, 0, 1]
[0, 1, 2, 0, 1]
[0, 1, 2, 0, 1, 2, 0, 1]
[0, 2, 0, 1, 2, 0, 1]
invalid conditions:
[[1, 1], [0, 0], [0, 0], [1, 1], [0, 0], [0, 0]]
[[0, 0], [0]]
[[1, 1], [0, 0], [1, 1], [0, 0], [0, 0]]
[[1, 1], [0, 0], [1, 1], [0, 0], [0, 0]]
[[0, 0], [1, 1], [1]]
[[1, 1], [0, 0], [1, 1], [0, 0], []]
[[0, 0], [1, 1], [0, 0], [0, 0], [1, 1], [0, 0], []]
[[1, 1], [0, 0], [0, 0], [1, 1], [0, 0]]
[[1, 1], [0, 0]]
[[1, 1], [0, 0], [0, 0], [1, 1], [1]]
[[1, 1], [1]]
[[0, 0], [1, 1], [0, 0], [0, 0]]
[[0, 0], [1, 1], [0, 0], [0, 0], [1, 1], [0, 0]]
[[0, 0], [1, 1], [0, 0], [0, 0], [1, 1], [0, 0]]
[[1, 1], [0, 0], [1, 1], [0, 0]]
[[1, 1], [0, 0], [1, 1], [0, 0]]
[[1, 1], [0, 0], [1, 1], [1]]
[[0, 0], [1, 1], [0, 0], [0, 0], [1, 1], [0, 0], [0, 0]]
[[0, 0], [1, 1], [0, 0], [0, 0], [1, 1], [0, 0], [0, 0]]
[[]]
[[0, 0]]
[[0, 0], [1, 1], [0, 0], [0, 0], [0]]
